3.266582005465355542e+04
6.493120611647233090e+03
3.258788196473284188e+03
2.864702022485437283e+03
2.249478230592046202e+03
1.952413874810455582e+03
1.852938368873739591e+03
1.704327498169059254e+03
1.535007143247821887e+03
1.515125167083801898e+03
1.311031814945356928e+03
1.262157127054652619e+03
1.161372884999101871e+03
1.142171459512881256e+03
1.130424904423294265e+03
1.081167397980206715e+03
1.079688231903851829e+03
1.045272372597241883e+03
1.028928997095874820e+03
1.016925662459275941e+03
9.924001543556869365e+02
9.581067335631266815e+02
9.528153444803571119e+02
9.388436868081781768e+02
9.266799186781607887e+02
9.178839768659078118e+02
9.011505225270652772e+02
8.863064016905809694e+02
8.728358737059733130e+02
8.676324916030489476e+02
8.563485075381258866e+02
8.444063200980107240e+02
8.292848110502299050e+02
8.196268565193731774e+02
8.130824860606759330e+02
8.021951274274630350e+02
7.905744689387634025e+02
7.808528082707989597e+02
7.740709297654551619e+02
7.692893761860196946e+02
7.616955682704145829e+02
7.558388489605096083e+02
7.455815771550524005e+02
7.327809939441546021e+02
7.266150025436530768e+02
7.231970176589270523e+02
7.119618406728912987e+02
7.029934654958407236e+02
6.953735769533935809e+02
6.892494817499109558e+02
6.823487883540159373e+02
6.810679360555737958e+02
6.797727707919192426e+02
6.710209531949117263e+02
6.682772423640591342e+02
6.599924019526237089e+02
6.505370965484626140e+02
6.489486642490441000e+02
6.449536755634245537e+02
6.346117902795201644e+02
6.326261241423477486e+02
6.226776669898255250e+02
6.198973253487057491e+02
6.112062274518057166e+02
6.094993245952795178e+02
5.971573682248923660e+02
5.946371974826203086e+02
5.912056123509693180e+02
5.886706755718333852e+02
5.837205004192810520e+02
5.807957350534492207e+02
5.761706579296793507e+02
5.753043810937998614e+02
5.710973915014741351e+02
5.685509763576567366e+02
5.636649396558090075e+02
5.575487647138927514e+02
5.563607274480293654e+02
5.505443807332502502e+02
5.471782739212741262e+02
5.396317889514982653e+02
5.355377811506872376e+02
5.323259710161217981e+02
5.289634675596440729e+02
5.246371301705926271e+02
5.233657813766900517e+02
5.206861004341557191e+02
5.187787813480697423e+02
5.147875411328351447e+02
5.127554385142374258e+02
5.075714771858396261e+02
5.064109872289943723e+02
5.003180930074883577e+02
4.977021199871197723e+02
4.934047330677545347e+02
4.900613730570025268e+02
4.843977610001242056e+02
4.816388378187072590e+02
4.773744863544209807e+02
4.734883929952587209e+02
4.694488681902389544e+02
4.675736413869298644e+02
4.656726568878796684e+02
4.640639774745861246e+02
4.578239265747343438e+02
4.560942967193277013e+02
4.525017223069830266e+02
4.499070226866068083e+02
4.462833339293968038e+02
4.444731533432939727e+02
4.412819209878144875e+02
4.358789451928219023e+02
4.333033261631311461e+02
4.328724331744041365e+02
4.290005053900536041e+02
4.270485686339157496e+02
4.235106156863330966e+02
4.226365325163848183e+02
4.186404149353019193e+02
4.158625034529604818e+02
4.096333105171843272e+02
4.082303489053780368e+02
4.056752371415422544e+02
4.046469175013021413e+02
3.975653390349902452e+02
3.972272934210819244e+02
3.925956715351526896e+02
3.910197292339274782e+02
3.896820498025002735e+02
3.870870692006558329e+02
3.858279078180862030e+02
3.805620032138314741e+02
3.783437130470956049e+02
3.761663785456312326e+02
3.696023359714469052e+02
3.689725022551197640e+02
3.682238248517836610e+02
3.643119976431997316e+02
3.637951058566631559e+02
3.604843138063143329e+02
3.596027020602659832e+02
3.587980016047698655e+02
3.532422871320279114e+02
3.523848610526410994e+02
3.491334159829670511e+02
3.460197704393564777e+02
3.440135211047761459e+02
3.418803033834161056e+02
3.410902193630221291e+02
3.402880729817553629e+02
3.363948813812817207e+02
3.339455179715702684e+02
3.317663265188044193e+02
3.302429810133479577e+02
3.290410375282049245e+02
3.269077887013968393e+02
3.226546749239312817e+02
3.210144332063993602e+02
3.195365488182993658e+02
3.180804815477167153e+02
3.158568748426430375e+02
3.136310119565842456e+02
3.095673265961256106e+02
3.069459162525313900e+02
3.066198864070246941e+02
3.021590548866579411e+02
2.992849611649681378e+02
2.988635140997281496e+02
2.976186020002872965e+02
2.937544208909722556e+02
2.928105711605501256e+02
2.898593837700180984e+02
2.889378329890366217e+02
2.874606141018106769e+02
2.868267543200952900e+02
2.840861798704601142e+02
2.818123101647829571e+02
2.801261541231359047e+02
2.776727806328618158e+02
2.736411160474947337e+02
2.728449154840253073e+02
2.703552023196328378e+02
2.691411663465154902e+02
2.672881354398371059e+02
2.656652287812505051e+02
2.639183293436178701e+02
2.622389184781781637e+02
2.592845991727077148e+02
2.587381490207685601e+02
2.576588510705224166e+02
2.563743189606775559e+02
2.533886988619588863e+02
2.528994299235059771e+02
2.503356841979040723e+02
2.480987487833709224e+02
2.461156955885789728e+02
2.450669065831387172e+02
2.431591802582300659e+02
2.409685114823253116e+02
2.394883828697391550e+02
2.380670353928584291e+02
2.370575694349643356e+02
2.341241134422864434e+02
2.333857091821792835e+02
2.315001541059083365e+02
2.299670633896312495e+02
2.289339609661923305e+02
2.267646634396123773e+02
2.249520731787612249e+02
2.244091043912611667e+02
2.219894318964666979e+02
2.205038393864367663e+02
2.193838037155546488e+02
2.184404178564969357e+02
2.163188754507422971e+02
2.148834900548065718e+02
2.143917786216397303e+02
2.130315585954979838e+02
2.117450223825019577e+02
2.092498665281115393e+02
2.065481725451786588e+02
2.059385247021427006e+02
2.034556281265779489e+02
2.021889167234776608e+02
2.015157429646425555e+02
2.007692789115576204e+02
1.994155771757487230e+02
1.978089726042612142e+02
1.958281086154068760e+02
1.944191092662550773e+02
1.934417040071976430e+02
1.910569893248418509e+02
1.901133774371425318e+02
1.873031286327303633e+02
1.863419979647586331e+02
1.836628849455181864e+02
1.811885803311900816e+02
1.800220297121374244e+02
1.790181763252849407e+02
1.780956251801472661e+02
1.769924642557343759e+02
1.742503426929007162e+02
1.730429888357948016e+02
1.714035234640645058e+02
1.710976245741991306e+02
1.688798351652442307e+02
1.670674451830648763e+02
1.660852967095148074e+02
1.637035099647873722e+02
1.634573417530141910e+02
1.612564630573606621e+02
1.604295887259901576e+02
1.599035246686500216e+02
1.585818048509670177e+02
1.566999739289589684e+02
1.554631943075708875e+02
1.543585561491931912e+02
1.519074426287552342e+02
1.516434486115806806e+02
1.505286746198912908e+02
1.467268308395929353e+02
1.466175906391827368e+02
1.456156985440916003e+02
1.446410835854137815e+02
1.433606750589041781e+02
1.402461955615137015e+02
1.393295702084917878e+02
1.385126859659096681e+02
1.367532540061483530e+02
1.358643986882108834e+02
1.350336959528672196e+02
1.343525332428754382e+02
1.337409886378983686e+02
1.324780152907814568e+02
1.319044465691199548e+02
1.314182482452093552e+02
1.295516810976573367e+02
1.276293917533141240e+02
1.270538152108250785e+02
1.262714299545267806e+02
1.257080362248759542e+02
1.243990295963679955e+02
1.225334638574326931e+02
1.210525669153969659e+02
1.206401024397475936e+02
1.190875732007331322e+02
1.178418613627795253e+02
1.170303626519318954e+02
1.159646507844141183e+02
1.146805275363161343e+02
1.133919510151427801e+02
1.115347187947875796e+02
1.109781579288071356e+02
1.091139583430436488e+02
1.076190244828545701e+02
1.068063153464668602e+02
1.066596941524224462e+02
1.045722874043278949e+02
1.039914709939803146e+02
1.029591024357984850e+02
1.024247976387397330e+02
1.018834962741087509e+02
1.005320597929392505e+02
9.961546124270813607e+01
9.832973910689598540e+01
9.627547330265601033e+01
9.600861580113068783e+01
9.422700647083091496e+01
9.356079047618895572e+01
9.253335935169444326e+01
9.181493947502976027e+01
8.961284984400154485e+01
8.850605639880731701e+01
8.780000779406857703e+01
8.743862556873240521e+01
8.662194392773592710e+01
8.501902165090312735e+01
8.443736884322406411e+01
8.299311779046819026e+01
8.268803456097720073e+01
8.123092340391133348e+01
8.008957667992997642e+01
7.974053990591269780e+01
7.819697715557218487e+01
7.778856159836037421e+01
7.720673959622084226e+01
7.489513127382025459e+01
7.429249842818502714e+01
7.369955200493906489e+01
7.301570858397350605e+01
7.249308729527170669e+01
7.234606544565450292e+01
7.086551063834367881e+01
6.892556726039964587e+01
6.771693007549087895e+01
6.700322633451014553e+01
6.663183427791275903e+01
6.641845018092742237e+01
6.525975988173418330e+01
6.356014405068603423e+01
6.259732794738355466e+01
6.143976396423231279e+01
6.100357996736406108e+01
5.977212985646990973e+01
5.855368721035615920e+01
5.705733095688343326e+01
5.655628887294918883e+01
5.596450919569953442e+01
5.540686915479614072e+01
5.414605225254433662e+01
5.357720291119895961e+01
5.291673203271287207e+01
5.127183385930933923e+01
5.092255261228568486e+01
4.951049828802340613e+01
4.882447691847016102e+01
4.794041612155294274e+01
4.651490690236418857e+01
4.591997909198953920e+01
4.454127581010747861e+01
4.365668798629430114e+01
4.211685919308113313e+01
4.124100382679286270e+01
4.012967609218711829e+01
3.957735640826277290e+01
3.868048005814996060e+01
3.847421379339422032e+01
3.676499484120954264e+01
3.470134186075969041e+01
3.392598704056642589e+01
3.272688783682711744e+01
3.233446290702993764e+01
3.149068671689679988e+01
3.025480911888281810e+01
2.901034527800780438e+01
2.847903049563950262e+01
2.711614032763698390e+01
2.540905453643256351e+01
2.405759992581185358e+01
2.195296825843312405e+01
